 latitude reduced regular latitude
 number points points 
 ------- ------- ------- ----------
 1 20 1280 89.7848769072186
 2 24 1280 89.5062027382064
 3 28 1280 89.2258828476116
 4 32 1280 88.9451911183164
 5 36 1280 88.6643583418229
 6 40 1280 88.383457312248
 7 44 1280 88.1025181389372
 8 48 1280 87.8215555071106
 9 52 1280 87.5405774264112
 10 56 1280 87.2595886348395
 11 60 1280 86.9785921135966
 12 64 1280 86.697589831922
 13 68 1280 86.4165831427364
 14 72 1280 86.135573006184
 15 76 1280 85.8545601224853
 16 80 1280 85.5735450142967
 17 84 1280 85.2925280796269
 18 88 1280 85.0115096268977
 19 92 1280 84.7304898988028
 20 96 1280 84.449469088929
 21 100 1280 84.1684473535767
 22 104 1280 83.8874248203231
 23 108 1280 83.6064015943301
 24 112 1280 83.3253777630592
 25 116 1280 83.0443533998451
 26 120 1280 82.7633285666369
 27 124 1280 82.4823033161249
 28 128 1280 82.2012776934076
 29 132 1280 81.9202517373121
 30 136 1280 81.6392254814469
 31 140 1280 81.3581989550504
 32 144 1280 81.0771721836786
 33 148 1280 80.7961451897674
 34 152 1280 80.5151179930943
 35 156 1280 80.2340906111611
 36 160 1280 79.9530630595119
 37 164 1280 79.6720353519992
 38 168 1280 79.3910075010082
 39 172 1280 79.1099795176461
 40 176 1280 78.8289514119024
 41 180 1280 78.5479231927864
 42 184 1280 78.2668948684445
 43 188 1280 77.9858664462609
 44 192 1280 77.7048379329449
 45 196 1280 77.4238093346062
 46 200 1280 77.1427806568204
 47 204 1280 76.8617519046863
 48 208 1280 76.5807230828752
 49 212 1280 76.2996941956759
 50 216 1280 76.0186652470318
 51 220 1280 75.737636240576
 52 224 1280 75.4566071796606
 53 228 1280 75.1755780673836
 54 232 1280 74.8945489066125
 55 236 1280 74.6135197000054
 56 240 1280 74.3324904500298
 57 244 1280 74.0514611589791
 58 248 1280 73.7704318289881
 59 252 1280 73.4894024620462
 60 256 1280 73.2083730600095
 61 260 1280 72.9273436246123
 62 264 1280 72.6463141574761
 63 268 1280 72.3652846601196
 64 272 1280 72.0842551339657
 65 276 1280 71.8032255803498
 66 280 1280 71.522196000526
 67 284 1280 71.2411663956732
 68 288 1280 70.9601367669007
 69 292 1280 70.6791071152534
 70 296 1280 70.3980774417163
 71 300 1280 70.1170477472186
 72 304 1280 69.8360180326378
 73 308 1280 69.5549882988032
 74 312 1280 69.2739585464991
 75 316 1280 68.9929287764678
 76 320 1280 68.7118989894126
 77 324 1280 68.4308691859999
 78 328 1280 68.1498393668621
 79 332 1280 67.8688095325994
 80 336 1280 67.5877796837818
 81 340 1280 67.3067498209512
 82 344 1280 67.025719944623
 83 348 1280 66.7446900552877
 84 352 1280 66.4636601534124
 85 356 1280 66.182630239442
 86 360 1280 65.901600313801
 87 364 1280 65.6205703768941
 88 368 1280 65.3395404291075
 89 372 1280 65.0585104708102
 90 376 1280 64.7774805023548
 91 380 1280 64.4964505240781
 92 384 1280 64.2154205363026
 93 388 1280 63.9343905393366
 94 392 1280 63.6533605334754
 95 396 1280 63.3723305190019
 96 400 1280 63.091300496187
 97 404 1280 62.8102704652906
 98 408 1280 62.5292404265619
 99 412 1280 62.2482103802402
 100 416 1280 61.9671803265548
 101 420 1280 61.6861502657264
 102 424 1280 61.4051201979667
 103 428 1280 61.1240901234794
 104 432 1280 60.8430600424601
 105 436 1280 60.5620299550971
 106 440 1280 60.2809998615717
 107 444 1280 59.9999697620583
 108 448 1280 59.7189396567247
 109 452 1280 59.4379095457329
 110 456 1280 59.1568794292387
 111 460 1280 58.8758493073924
 112 464 1280 58.5948191803389
 113 468 1280 58.313789048218
 114 472 1280 58.0327589111646
 115 476 1280 57.751728769309
 116 480 1280 57.4706986227768
 117 484 1280 57.1896684716895
 118 488 1280 56.9086383161644
 119 492 1280 56.6276081563149
 120 496 1280 56.3465779922506
 121 500 1280 56.0655478240774
 122 504 1280 55.784517651898
 123 508 1280 55.5034874758115
 124 512 1280 55.222457295914
 125 516 1280 54.9414271122983
 126 520 1280 54.6603969250544
 127 524 1280 54.3793667342697
 128 528 1280 54.0983365400284
 129 532 1280 53.8173063424124
 130 536 1280 53.5362761415012
 131 540 1280 53.2552459373716
 132 544 1280 52.9742157300982
 133 548 1280 52.6931855197534
 134 552 1280 52.4121553064074
 135 556 1280 52.1311250901284
 136 560 1280 51.8500948709826
 137 564 1280 51.5690646490341
 138 568 1280 51.2880344243453
 139 572 1280 51.0070041969769
 140 576 1280 50.7259739669878
 141 580 1280 50.4449437344351
 142 584 1280 50.1639134993745
 143 588 1280 49.8828832618601
 144 592 1280 49.6018530219444
 145 596 1280 49.3208227796786
 146 600 1280 49.0397925351124
 147 604 1280 48.7587622882944
 148 608 1280 48.4777320392715
 149 612 1280 48.1967017880897
 150 616 1280 47.9156715347936
 151 620 1280 47.6346412794268
 152 624 1280 47.3536110220315
 153 628 1280 47.072580762649
 154 632 1280 46.7915505013195
 155 636 1280 46.5105202380823
 156 640 1280 46.2294899729755
 157 644 1280 45.9484597060362
 158 648 1280 45.6674294373009
 159 652 1280 45.3863991668049
 160 656 1280 45.1053688945827
 161 660 1280 44.824338620668
 162 664 1280 44.5433083450937
 163 668 1280 44.2622780678919
 164 672 1280 43.9812477890938
 165 676 1280 43.70021750873
 166 680 1280 43.4191872268304
 167 684 1280 43.138156943424
 168 688 1280 42.8571266585394
 169 692 1280 42.5760963722043
 170 696 1280 42.2950660844458
 171 700 1280 42.0140357952906
 172 704 1280 41.7330055047645
 173 708 1280 41.4519752128929
 174 712 1280 41.1709449197006
 175 716 1280 40.8899146252118
 176 720 1280 40.6088843294502
 177 724 1280 40.3278540324389
 178 728 1280 40.0468237342006
 179 732 1280 39.7657934347576
 180 736 1280 39.4847631341314
 181 740 1280 39.2037328323433
 182 744 1280 38.9227025294142
 183 748 1280 38.6416722253643
 184 752 1280 38.3606419202135
 185 756 1280 38.0796116139814
 186 760 1280 37.798581306687
 187 764 1280 37.5175509983491
 188 768 1280 37.236520688986
 189 772 1280 36.9554903786156
 190 776 1280 36.6744600672554
 191 780 1280 36.3934297549228
 192 784 1280 36.1123994416347
 193 788 1280 35.8313691274075
 194 792 1280 35.5503388122576
 195 796 1280 35.2693084962008
 196 800 1280 34.9882781792528
 197 804 1280 34.7072478614288
 198 808 1280 34.4262175427438
 199 812 1280 34.1451872232127
 200 816 1280 33.8641569028498
 201 820 1280 33.5831265816694
 202 824 1280 33.3020962596853
 203 828 1280 33.0210659369112
 204 832 1280 32.7400356133605
 205 836 1280 32.4590052890465
 206 840 1280 32.1779749639819
 207 844 1280 31.8969446381796
 208 848 1280 31.6159143116519
 209 852 1280 31.3348839844112
 210 856 1280 31.0538536564695
 211 860 1280 30.7728233278385
 212 864 1280 30.4917929985299
 213 868 1280 30.2107626685552
 214 872 1280 29.9297323379256
 215 876 1280 29.648702006652
 216 880 1280 29.3676716747454
 217 884 1280 29.0866413422163
 218 888 1280 28.8056110090754
 219 892 1280 28.5245806753329
 220 896 1280 28.2435503409989
 221 900 1280 27.9625200060835
 222 904 1280 27.6814896705965
 223 908 1280 27.4004593345475
 224 912 1280 27.1194289979461
 225 916 1280 26.8383986608016
 226 920 1280 26.5573683231233
 227 924 1280 26.2763379849202
 228 928 1280 25.9953076462013
 229 932 1280 25.7142773069753
 230 936 1280 25.433246967251
 231 940 1280 25.1522166270369
 232 944 1280 24.8711862863414
 233 948 1280 24.5901559451728
 234 952 1280 24.3091256035393
 235 956 1280 24.0280952614489
 236 960 1280 23.7470649189096
 237 964 1280 23.4660345759292
 238 968 1280 23.1850042325154
 239 972 1280 22.9039738886758
 240 976 1280 22.622943544418
 241 980 1280 22.3419131997493
 242 984 1280 22.0608828546771
 243 988 1280 21.7798525092085
 244 992 1280 21.4988221633507
 245 996 1280 21.2177918171107
 246 1000 1280 20.9367614704954
 247 1004 1280 20.6557311235117
 248 1008 1280 20.3747007761662
 249 1012 1280 20.0936704284658
 250 1016 1280 19.812640080417
 251 1020 1280 19.5316097320262
 252 1024 1280 19.2505793833
 253 1028 1280 18.9695490342446
 254 1032 1280 18.6885186848663
 255 1036 1280 18.4074883351714
 256 1040 1280 18.126457985166
 257 1044 1280 17.8454276348561
 258 1048 1280 17.5643972842478
 259 1052 1280 17.2833669333469
 260 1056 1280 17.0023365821593
 261 1060 1280 16.7213062306908
 262 1064 1280 16.4402758789473
 263 1068 1280 16.1592455269342
 264 1072 1280 15.8782151746574
 265 1076 1280 15.5971848221222
 266 1080 1280 15.3161544693343
 267 1084 1280 15.0351241162991
 268 1088 1280 14.754093763022
 269 1092 1280 14.4730634095083
 270 1096 1280 14.1920330557633
 271 1100 1280 13.9110027017923
 272 1104 1280 13.6299723476005
 273 1108 1280 13.348941993193
 274 1112 1280 13.067911638575
 275 1116 1280 12.7868812837514
 276 1120 1280 12.5058509287275
 277 1124 1280 12.224820573508
 278 1128 1280 11.943790218098
 279 1132 1280 11.6627598625023
 280 1136 1280 11.3817295067259
 281 1140 1280 11.1006991507735
 282 1144 1280 10.8196687946499
 283 1148 1280 10.53863843836
 284 1152 1280 10.2576080819084
 285 1156 1280 9.97657772529974
 286 1160 1280 9.69554736853877
 287 1164 1280 9.41451701163009
 288 1168 1280 9.13348665457832
 289 1172 1280 8.85245629738798
 290 1176 1280 8.57142594006364
 291 1180 1280 8.2903955826098
 292 1184 1280 8.009365225031
 293 1188 1280 7.72833486733163
 294 1192 1280 7.44730450951617
 295 1196 1280 7.16627415158902
 296 1200 1280 6.8852437935546
 297 1204 1280 6.60421343541724
 298 1208 1280 6.32318307718136
 299 1212 1280 6.04215271885122
 300 1216 1280 5.76112236043118
 301 1220 1280 5.48009200192553
 302 1224 1280 5.19906164333854
 303 1228 1280 4.91803128467449
 304 1232 1280 4.63700092593762
 305 1236 1280 4.35597056713218
 306 1240 1280 4.07494020826237
 307 1244 1280 3.79390984933242
 308 1248 1280 3.51287949034651
 309 1252 1280 3.23184913130885
 310 1256 1280 2.95081877222359
 311 1260 1280 2.66978841309492
 312 1264 1280 2.38875805392701
 313 1268 1280 2.10772769472399
 314 1272 1280 1.82669733549001
 315 1276 1280 1.5456669762292
 316 1280 1280 1.2646366169457
 317 1284 1280 0.983606257643684
 318 1288 1280 0.702575898327214
 319 1292 1280 0.421545539000452
 320 1296 1280 0.140515179667507
 321 1296 1280 -0.140515179667507
 322 1292 1280 -0.421545539000452
 323 1288 1280 -0.702575898327214
 324 1284 1280 -0.983606257643684
 325 1280 1280 -1.2646366169457
 326 1276 1280 -1.5456669762292
 327 1272 1280 -1.82669733549001
 328 1268 1280 -2.10772769472399
 329 1264 1280 -2.38875805392701
 330 1260 1280 -2.66978841309492
 331 1256 1280 -2.95081877222359
 332 1252 1280 -3.23184913130885
 333 1248 1280 -3.51287949034651
 334 1244 1280 -3.79390984933242
 335 1240 1280 -4.07494020826237
 336 1236 1280 -4.35597056713218
 337 1232 1280 -4.63700092593762
 338 1228 1280 -4.91803128467449
 339 1224 1280 -5.19906164333854
 340 1220 1280 -5.48009200192553
 341 1216 1280 -5.76112236043118
 342 1212 1280 -6.04215271885122
 343 1208 1280 -6.32318307718136
 344 1204 1280 -6.60421343541724
 345 1200 1280 -6.8852437935546
 346 1196 1280 -7.16627415158902
 347 1192 1280 -7.44730450951617
 348 1188 1280 -7.72833486733163
 349 1184 1280 -8.009365225031
 350 1180 1280 -8.2903955826098
 351 1176 1280 -8.57142594006364
 352 1172 1280 -8.85245629738798
 353 1168 1280 -9.13348665457832
 354 1164 1280 -9.41451701163009
 355 1160 1280 -9.69554736853877
 356 1156 1280 -9.97657772529974
 357 1152 1280 -10.2576080819084
 358 1148 1280 -10.53863843836
 359 1144 1280 -10.8196687946499
 360 1140 1280 -11.1006991507735
 361 1136 1280 -11.3817295067259
 362 1132 1280 -11.6627598625023
 363 1128 1280 -11.943790218098
 364 1124 1280 -12.224820573508
 365 1120 1280 -12.5058509287275
 366 1116 1280 -12.7868812837514
 367 1112 1280 -13.067911638575
 368 1108 1280 -13.348941993193
 369 1104 1280 -13.6299723476005
 370 1100 1280 -13.9110027017923
 371 1096 1280 -14.1920330557633
 372 1092 1280 -14.4730634095083
 373 1088 1280 -14.754093763022
 374 1084 1280 -15.0351241162991
 375 1080 1280 -15.3161544693343
 376 1076 1280 -15.5971848221222
 377 1072 1280 -15.8782151746574
 378 1068 1280 -16.1592455269342
 379 1064 1280 -16.4402758789473
 380 1060 1280 -16.7213062306908
 381 1056 1280 -17.0023365821593
 382 1052 1280 -17.2833669333469
 383 1048 1280 -17.5643972842478
 384 1044 1280 -17.8454276348561
 385 1040 1280 -18.126457985166
 386 1036 1280 -18.4074883351714
 387 1032 1280 -18.6885186848663
 388 1028 1280 -18.9695490342446
 389 1024 1280 -19.2505793833
 390 1020 1280 -19.5316097320262
 391 1016 1280 -19.812640080417
 392 1012 1280 -20.0936704284658
 393 1008 1280 -20.3747007761662
 394 1004 1280 -20.6557311235117
 395 1000 1280 -20.9367614704954
 396 996 1280 -21.2177918171107
 397 992 1280 -21.4988221633507
 398 988 1280 -21.7798525092085
 399 984 1280 -22.0608828546771
 400 980 1280 -22.3419131997493
 401 976 1280 -22.622943544418
 402 972 1280 -22.9039738886758
 403 968 1280 -23.1850042325154
 404 964 1280 -23.4660345759292
 405 960 1280 -23.7470649189096
 406 956 1280 -24.0280952614489
 407 952 1280 -24.3091256035393
 408 948 1280 -24.5901559451728
 409 944 1280 -24.8711862863414
 410 940 1280 -25.1522166270369
 411 936 1280 -25.433246967251
 412 932 1280 -25.7142773069753
 413 928 1280 -25.9953076462013
 414 924 1280 -26.2763379849202
 415 920 1280 -26.5573683231233
 416 916 1280 -26.8383986608016
 417 912 1280 -27.1194289979461
 418 908 1280 -27.4004593345475
 419 904 1280 -27.6814896705965
 420 900 1280 -27.9625200060835
 421 896 1280 -28.2435503409989
 422 892 1280 -28.5245806753329
 423 888 1280 -28.8056110090754
 424 884 1280 -29.0866413422163
 425 880 1280 -29.3676716747454
 426 876 1280 -29.648702006652
 427 872 1280 -29.9297323379256
 428 868 1280 -30.2107626685552
 429 864 1280 -30.4917929985299
 430 860 1280 -30.7728233278385
 431 856 1280 -31.0538536564695
 432 852 1280 -31.3348839844112
 433 848 1280 -31.6159143116519
 434 844 1280 -31.8969446381796
 435 840 1280 -32.1779749639819
 436 836 1280 -32.4590052890465
 437 832 1280 -32.7400356133605
 438 828 1280 -33.0210659369112
 439 824 1280 -33.3020962596853
 440 820 1280 -33.5831265816694
 441 816 1280 -33.8641569028498
 442 812 1280 -34.1451872232127
 443 808 1280 -34.4262175427438
 444 804 1280 -34.7072478614288
 445 800 1280 -34.9882781792528
 446 796 1280 -35.2693084962008
 447 792 1280 -35.5503388122576
 448 788 1280 -35.8313691274075
 449 784 1280 -36.1123994416347
 450 780 1280 -36.3934297549228
 451 776 1280 -36.6744600672554
 452 772 1280 -36.9554903786156
 453 768 1280 -37.236520688986
 454 764 1280 -37.5175509983491
 455 760 1280 -37.798581306687
 456 756 1280 -38.0796116139814
 457 752 1280 -38.3606419202135
 458 748 1280 -38.6416722253643
 459 744 1280 -38.9227025294142
 460 740 1280 -39.2037328323433
 461 736 1280 -39.4847631341314
 462 732 1280 -39.7657934347576
 463 728 1280 -40.0468237342006
 464 724 1280 -40.3278540324389
 465 720 1280 -40.6088843294502
 466 716 1280 -40.8899146252118
 467 712 1280 -41.1709449197006
 468 708 1280 -41.4519752128929
 469 704 1280 -41.7330055047645
 470 700 1280 -42.0140357952906
 471 696 1280 -42.2950660844458
 472 692 1280 -42.5760963722043
 473 688 1280 -42.8571266585394
 474 684 1280 -43.138156943424
 475 680 1280 -43.4191872268304
 476 676 1280 -43.70021750873
 477 672 1280 -43.9812477890938
 478 668 1280 -44.2622780678919
 479 664 1280 -44.5433083450937
 480 660 1280 -44.824338620668
 481 656 1280 -45.1053688945827
 482 652 1280 -45.3863991668049
 483 648 1280 -45.6674294373009
 484 644 1280 -45.9484597060362
 485 640 1280 -46.2294899729755
 486 636 1280 -46.5105202380823
 487 632 1280 -46.7915505013195
 488 628 1280 -47.072580762649
 489 624 1280 -47.3536110220315
 490 620 1280 -47.6346412794268
 491 616 1280 -47.9156715347936
 492 612 1280 -48.1967017880897
 493 608 1280 -48.4777320392715
 494 604 1280 -48.7587622882944
 495 600 1280 -49.0397925351124
 496 596 1280 -49.3208227796786
 497 592 1280 -49.6018530219444
 498 588 1280 -49.8828832618601
 499 584 1280 -50.1639134993745
 500 580 1280 -50.4449437344351
 501 576 1280 -50.7259739669878
 502 572 1280 -51.0070041969769
 503 568 1280 -51.2880344243453
 504 564 1280 -51.5690646490341
 505 560 1280 -51.8500948709826
 506 556 1280 -52.1311250901284
 507 552 1280 -52.4121553064074
 508 548 1280 -52.6931855197534
 509 544 1280 -52.9742157300982
 510 540 1280 -53.2552459373716
 511 536 1280 -53.5362761415012
 512 532 1280 -53.8173063424124
 513 528 1280 -54.0983365400284
 514 524 1280 -54.3793667342697
 515 520 1280 -54.6603969250544
 516 516 1280 -54.9414271122983
 517 512 1280 -55.222457295914
 518 508 1280 -55.5034874758115
 519 504 1280 -55.784517651898
 520 500 1280 -56.0655478240774
 521 496 1280 -56.3465779922506
 522 492 1280 -56.6276081563149
 523 488 1280 -56.9086383161644
 524 484 1280 -57.1896684716895
 525 480 1280 -57.4706986227768
 526 476 1280 -57.751728769309
 527 472 1280 -58.0327589111646
 528 468 1280 -58.313789048218
 529 464 1280 -58.5948191803389
 530 460 1280 -58.8758493073924
 531 456 1280 -59.1568794292387
 532 452 1280 -59.4379095457329
 533 448 1280 -59.7189396567247
 534 444 1280 -59.9999697620583
 535 440 1280 -60.2809998615717
 536 436 1280 -60.5620299550971
 537 432 1280 -60.8430600424601
 538 428 1280 -61.1240901234794
 539 424 1280 -61.4051201979667
 540 420 1280 -61.6861502657264
 541 416 1280 -61.9671803265548
 542 412 1280 -62.2482103802402
 543 408 1280 -62.5292404265619
 544 404 1280 -62.8102704652906
 545 400 1280 -63.091300496187
 546 396 1280 -63.3723305190019
 547 392 1280 -63.6533605334754
 548 388 1280 -63.9343905393366
 549 384 1280 -64.2154205363026
 550 380 1280 -64.4964505240781
 551 376 1280 -64.7774805023548
 552 372 1280 -65.0585104708102
 553 368 1280 -65.3395404291075
 554 364 1280 -65.6205703768941
 555 360 1280 -65.901600313801
 556 356 1280 -66.182630239442
 557 352 1280 -66.4636601534124
 558 348 1280 -66.7446900552877
 559 344 1280 -67.025719944623
 560 340 1280 -67.3067498209512
 561 336 1280 -67.5877796837818
 562 332 1280 -67.8688095325994
 563 328 1280 -68.1498393668621
 564 324 1280 -68.4308691859999
 565 320 1280 -68.7118989894126
 566 316 1280 -68.9929287764678
 567 312 1280 -69.2739585464991
 568 308 1280 -69.5549882988032
 569 304 1280 -69.8360180326378
 570 300 1280 -70.1170477472186
 571 296 1280 -70.3980774417163
 572 292 1280 -70.6791071152534
 573 288 1280 -70.9601367669007
 574 284 1280 -71.2411663956732
 575 280 1280 -71.522196000526
 576 276 1280 -71.8032255803498
 577 272 1280 -72.0842551339657
 578 268 1280 -72.3652846601196
 579 264 1280 -72.6463141574761
 580 260 1280 -72.9273436246123
 581 256 1280 -73.2083730600095
 582 252 1280 -73.4894024620462
 583 248 1280 -73.7704318289881
 584 244 1280 -74.0514611589791
 585 240 1280 -74.3324904500298
 586 236 1280 -74.6135197000054
 587 232 1280 -74.8945489066125
 588 228 1280 -75.1755780673836
 589 224 1280 -75.4566071796606
 590 220 1280 -75.737636240576
 591 216 1280 -76.0186652470318
 592 212 1280 -76.2996941956759
 593 208 1280 -76.5807230828752
 594 204 1280 -76.8617519046863
 595 200 1280 -77.1427806568204
 596 196 1280 -77.4238093346062
 597 192 1280 -77.7048379329449
 598 188 1280 -77.9858664462609
 599 184 1280 -78.2668948684445
 600 180 1280 -78.5479231927864
 601 176 1280 -78.8289514119024
 602 172 1280 -79.1099795176461
 603 168 1280 -79.3910075010082
 604 164 1280 -79.6720353519992
 605 160 1280 -79.9530630595119
 606 156 1280 -80.2340906111611
 607 152 1280 -80.5151179930943
 608 148 1280 -80.7961451897674
 609 144 1280 -81.0771721836786
 610 140 1280 -81.3581989550504
 611 136 1280 -81.6392254814469
 612 132 1280 -81.9202517373121
 613 128 1280 -82.2012776934076
 614 124 1280 -82.4823033161249
 615 120 1280 -82.7633285666369
 616 116 1280 -83.0443533998451
 617 112 1280 -83.3253777630592
 618 108 1280 -83.6064015943301
 619 104 1280 -83.8874248203231
 620 100 1280 -84.1684473535767
 621 96 1280 -84.449469088929
 622 92 1280 -84.7304898988028
 623 88 1280 -85.0115096268977
 624 84 1280 -85.2925280796269
 625 80 1280 -85.5735450142967
 626 76 1280 -85.8545601224853
 627 72 1280 -86.135573006184
 628 68 1280 -86.4165831427364
 629 64 1280 -86.697589831922
 630 60 1280 -86.9785921135966
 631 56 1280 -87.2595886348395
 632 52 1280 -87.5405774264112
 633 48 1280 -87.8215555071106
 634 44 1280 -88.1025181389372
 635 40 1280 -88.383457312248
 636 36 1280 -88.6643583418229
 637 32 1280 -88.9451911183164
 638 28 1280 -89.2258828476116
 639 24 1280 -89.5062027382064
 640 20 1280 -89.7848769072186
