 latitude reduced regular latitude
 number points points 
 ------- ------- ------- ----------
 1 20 640 89,5700895506
 2 24 640 89,013176131
 3 28 640 88,4529738367
 4 32 640 87,8920284453
 5 36 640 87,3308011797
 6 40 640 86,7694375145
 7 44 640 86,2079976214
 8 48 640 85,646510848
 9 52 640 85,0849932009
 10 56 640 84,5234541489
 11 60 640 83,9618996497
 12 64 640 83,4003336387
 13 68 640 82,8387588197
 14 72 640 82,2771771114
 15 76 640 81,7155899133
 16 80 640 81,1539982697
 17 84 640 80,5924029762
 18 88 640 80,030804649
 19 92 640 79,4692037733
 20 96 640 78,9076007358
 21 100 640 78,345995849
 22 104 640 77,7843893678
 23 108 640 77,2227815024
 24 112 640 76,6611724276
 25 116 640 76,0995622899
 26 120 640 75,5379512132
 27 124 640 74,9763393027
 28 128 640 74,4147266487
 29 132 640 73,8531133286
 30 136 640 73,2914994097
 31 140 640 72,7298849504
 32 144 640 72,1682700018
 33 148 640 71,6066546087
 34 152 640 71,0450388107
 35 156 640 70,4834226428
 36 160 640 69,921806136
 37 164 640 69,360189318
 38 168 640 68,7985722136
 39 172 640 68,2369548449
 40 176 640 67,6753372321
 41 180 640 67,113719393
 42 184 640 66,552101344
 43 188 640 65,9904830998
 44 192 640 65,4288646739
 45 196 640 64,8672460784
 46 200 640 64,3056273246
 47 204 640 63,7440084225
 48 208 640 63,1823893817
 49 212 640 62,6207702106
 50 216 640 62,0591509171
 51 220 640 61,4975315086
 52 224 640 60,9359119916
 53 228 640 60,3742923725
 54 232 640 59,8126726569
 55 236 640 59,2510528503
 56 240 640 58,6894329574
 57 244 640 58,127812983
 58 248 640 57,5661929312
 59 252 640 57,0045728062
 60 256 640 56,4429526115
 61 260 640 55,8813323508
 62 264 640 55,3197120272
 63 268 640 54,7580916437
 64 272 640 54,1964712033
 65 276 640 53,6348507086
 66 280 640 53,0732301621
 67 284 640 52,5116095663
 68 288 640 51,9499889232
 69 292 640 51,3883682352
 70 296 640 50,826747504
 71 300 640 50,2651267316
 72 304 640 49,7035059197
 73 308 640 49,1418850701
 74 312 640 48,5802641843
 75 316 640 48,0186432637
 76 320 640 47,4570223099
 77 324 640 46,8954013241
 78 328 640 46,3337803077
 79 332 640 45,7721592619
 80 336 640 45,2105381877
 81 340 640 44,6489170863
 82 344 640 44,0872959588
 83 348 640 43,5256748062
 84 352 640 42,9640536293
 85 356 640 42,4024324291
 86 360 640 41,8408112065
 87 364 640 41,2791899623
 88 368 640 40,7175686972
 89 372 640 40,155947412
 90 376 640 39,5943261075
 91 380 640 39,0327047844
 92 384 640 38,4710834432
 93 388 640 37,9094620847
 94 392 640 37,3478407094
 95 396 640 36,7862193179
 96 400 640 36,2245979108
 97 404 640 35,6629764886
 98 408 640 35,1013550519
 99 412 640 34,5397336011
 100 416 640 33,9781121367
 101 420 640 33,4164906591
 102 424 640 32,8548691689
 103 428 640 32,2932476664
 104 432 640 31,7316261521
 105 436 640 31,1700046263
 106 440 640 30,6083830894
 107 444 640 30,0467615418
 108 448 640 29,4851399839
 109 452 640 28,923518416
 110 456 640 28,3618968384
 111 460 640 27,8002752515
 112 464 640 27,2386536555
 113 468 640 26,6770320509
 114 472 640 26,1154104378
 115 476 640 25,5537888165
 116 480 640 24,9921671874
 117 484 640 24,4305455507
 118 488 640 23,8689239066
 119 492 640 23,3073022554
 120 496 640 22,7456805974
 121 500 640 22,1840589328
 122 504 640 21,6224372619
 123 508 640 21,0608155847
 124 512 640 20,4991939017
 125 516 640 19,9375722129
 126 520 640 19,3759505187
 127 524 640 18,8143288191
 128 528 640 18,2527071145
 129 532 640 17,6910854049
 130 536 640 17,1294636907
 131 540 640 16,5678419719
 132 544 640 16,0062202488
 133 548 640 15,4445985215
 134 552 640 14,8829767902
 135 556 640 14,3213550551
 136 560 640 13,7597333164
 137 564 640 13,1981115742
 138 568 640 12,6364898287
 139 572 640 12,0748680801
 140 576 640 11,5132463284
 141 580 640 10,9516245739
 142 584 640 10,3900028167
 143 588 640 9,828381057
 144 592 640 9,2667592948
 145 596 640 8,7051375305
 146 600 640 8,143515764
 147 604 640 7,5818939956
 148 608 640 7,0202722253
 149 612 640 6,4586504534
 150 616 640 5,8970286799
 151 620 640 5,3354069051
 152 624 640 4,773785129
 153 628 640 4,2121633517
 154 632 640 3,6505415735
 155 636 640 3,0889197944
 156 640 640 2,5272980146
 157 644 640 1,9656762342
 158 648 640 1,4040544533
 159 652 640 0,8424326721
 160 656 640 0,2808108907
 161 656 640 -0,2808108907
 162 652 640 -0,8424326721
 163 648 640 -1,4040544533
 164 644 640 -1,9656762342
 165 640 640 -2,5272980146
 166 636 640 -3,0889197944
 167 632 640 -3,6505415735
 168 628 640 -4,2121633517
 169 624 640 -4,773785129
 170 620 640 -5,3354069051
 171 616 640 -5,8970286799
 172 612 640 -6,4586504534
 173 608 640 -7,0202722253
 174 604 640 -7,5818939956
 175 600 640 -8,143515764
 176 596 640 -8,7051375305
 177 592 640 -9,2667592948
 178 588 640 -9,828381057
 179 584 640 -10,3900028167
 180 580 640 -10,9516245739
 181 576 640 -11,5132463284
 182 572 640 -12,0748680801
 183 568 640 -12,6364898287
 184 564 640 -13,1981115742
 185 560 640 -13,7597333164
 186 556 640 -14,3213550551
 187 552 640 -14,8829767902
 188 548 640 -15,4445985215
 189 544 640 -16,0062202488
 190 540 640 -16,5678419719
 191 536 640 -17,1294636907
 192 532 640 -17,6910854049
 193 528 640 -18,2527071145
 194 524 640 -18,8143288191
 195 520 640 -19,3759505187
 196 516 640 -19,9375722129
 197 512 640 -20,4991939017
 198 508 640 -21,0608155847
 199 504 640 -21,6224372619
 200 500 640 -22,1840589328
 201 496 640 -22,7456805974
 202 492 640 -23,3073022554
 203 488 640 -23,8689239066
 204 484 640 -24,4305455507
 205 480 640 -24,9921671874
 206 476 640 -25,5537888165
 207 472 640 -26,1154104378
 208 468 640 -26,6770320509
 209 464 640 -27,2386536555
 210 460 640 -27,8002752515
 211 456 640 -28,3618968384
 212 452 640 -28,923518416
 213 448 640 -29,4851399839
 214 444 640 -30,0467615418
 215 440 640 -30,6083830894
 216 436 640 -31,1700046263
 217 432 640 -31,7316261521
 218 428 640 -32,2932476664
 219 424 640 -32,8548691689
 220 420 640 -33,4164906591
 221 416 640 -33,9781121367
 222 412 640 -34,5397336011
 223 408 640 -35,1013550519
 224 404 640 -35,6629764886
 225 400 640 -36,2245979108
 226 396 640 -36,7862193179
 227 392 640 -37,3478407094
 228 388 640 -37,9094620847
 229 384 640 -38,4710834432
 230 380 640 -39,0327047844
 231 376 640 -39,5943261075
 232 372 640 -40,155947412
 233 368 640 -40,7175686972
 234 364 640 -41,2791899623
 235 360 640 -41,8408112065
 236 356 640 -42,4024324291
 237 352 640 -42,9640536293
 238 348 640 -43,5256748062
 239 344 640 -44,0872959588
 240 340 640 -44,6489170863
 241 336 640 -45,2105381877
 242 332 640 -45,7721592619
 243 328 640 -46,3337803077
 244 324 640 -46,8954013241
 245 320 640 -47,4570223099
 246 316 640 -48,0186432637
 247 312 640 -48,5802641843
 248 308 640 -49,1418850701
 249 304 640 -49,7035059197
 250 300 640 -50,2651267316
 251 296 640 -50,826747504
 252 292 640 -51,3883682352
 253 288 640 -51,9499889232
 254 284 640 -52,5116095663
 255 280 640 -53,0732301621
 256 276 640 -53,6348507086
 257 272 640 -54,1964712033
 258 268 640 -54,7580916437
 259 264 640 -55,3197120272
 260 260 640 -55,8813323508
 261 256 640 -56,4429526115
 262 252 640 -57,0045728062
 263 248 640 -57,5661929312
 264 244 640 -58,127812983
 265 240 640 -58,6894329574
 266 236 640 -59,2510528503
 267 232 640 -59,8126726569
 268 228 640 -60,3742923725
 269 224 640 -60,9359119916
 270 220 640 -61,4975315086
 271 216 640 -62,0591509171
 272 212 640 -62,6207702106
 273 208 640 -63,1823893817
 274 204 640 -63,7440084225
 275 200 640 -64,3056273246
 276 196 640 -64,8672460784
 277 192 640 -65,4288646739
 278 188 640 -65,9904830998
 279 184 640 -66,552101344
 280 180 640 -67,113719393
 281 176 640 -67,6753372321
 282 172 640 -68,2369548449
 283 168 640 -68,7985722136
 284 164 640 -69,360189318
 285 160 640 -69,921806136
 286 156 640 -70,4834226428
 287 152 640 -71,0450388107
 288 148 640 -71,6066546087
 289 144 640 -72,1682700018
 290 140 640 -72,7298849504
 291 136 640 -73,2914994097
 292 132 640 -73,8531133286
 293 128 640 -74,4147266487
 294 124 640 -74,9763393027
 295 120 640 -75,5379512132
 296 116 640 -76,0995622899
 297 112 640 -76,6611724276
 298 108 640 -77,2227815024
 299 104 640 -77,7843893678
 300 100 640 -78,345995849
 301 96 640 -78,9076007358
 302 92 640 -79,4692037733
 303 88 640 -80,030804649
 304 84 640 -80,5924029762
 305 80 640 -81,1539982697
 306 76 640 -81,7155899133
 307 72 640 -82,2771771114
 308 68 640 -82,8387588197
 309 64 640 -83,4003336387
 310 60 640 -83,9618996497
 311 56 640 -84,5234541489
 312 52 640 -85,0849932009
 313 48 640 -85,646510848
 314 44 640 -86,2079976214
 315 40 640 -86,7694375145
 316 36 640 -87,3308011797
 317 32 640 -87,8920284453
 318 28 640 -88,4529738367
 319 24 640 -89,013176131
 320 20 640 -89,5700895506
